# Created by Octave 3.8.1, Mon Jul 20 09:15:28 2015 EDT <sensors@sensors-Precision-M4800>
# name: opttheta
# type: matrix
# rows: 3289
# columns: 1
 -0.1156968681518472
 0.147195241221503
 -0.2980588817885584
 -0.4046798342112246
 -0.2229251161449932
 0.04680541983987369
 0.2679138606695023
 1.235324630070664
 0.6556472122764827
 -0.6198157248827687
 -0.5705598549351322
 -0.09861786485686483
 0.05477520893358179
 -0.2889100828277049
 -0.2600425819873549
 -0.07384336636883179
 -0.3158316123331703
 -0.4601037680562096
 -1.236676965786218
 0.7942432400500932
 0.1834396490460968
 -0.4817128401292332
 -0.3819946419500689
 -0.3375922299701062
 0.3189801301708383
 -0.3081672652955967
 0.5871534170573416
 -0.4714589088576516
 -0.2412420489270758
 -0.3360803412696856
 0.1635646290345598
 0.1500863454253915
 1.437064474608525
 0.7362875624298929
 -0.801028119823698
 -0.3820523709031798
 -0.06135596381868572
 -0.1975711191942656
 -0.1626799486806662
 -0.6021234829513631
 0.1256380326698491
 -0.1563487890222095
 -0.7052295078762434
 -1.140845094184882
 1.310411288678899
 0.310402709567356
 -0.4837288165847612
 -0.4251438279508289
 -0.7606960512578285
 0.6134123655069715
 -0.4814124092376796
 1.241084541725234
 -0.5388347608749652
 0.3592382724816157
 -0.3973582149997876
 0.2278958167505859
 -0.2951672589354106
 0.7830261829448535
 0.1330586980499785
 -0.4834538376039214
 0.4473717673529832
 0.20086793607047
 -0.6289414692845587
 -0.0609601835261103
 -1.139749462542424
 0.2731413325269005
 0.01930422938838821
 -0.3634246710414786
 -0.1937896718419362
 1.305768833375928
 0.3400664698250682
 -0.5269737941734209
 -0.416760357625795
 -1.090916558962334
 0.4722766309775185
 -0.592024409905749
 1.359770014624545
 -0.5939847188963647
 0.6708269480874829
 -0.3767858826211771
 0.02547681226142447
 -0.6643293008548007
 -0.2653608194976838
 -0.4335883593727278
 0.150563014374226
 0.9353510198760142
 0.4524516616003763
 -0.8512494779269352
 -0.08267198080998087
 -1.05663461516755
 0.2803358241009068
 -0.05029596649890623
 0.4131271657811087
 0.1731285831006873
 0.9458163969925205
 0.2720995551587526
 -0.6272828072744199
 -0.4065073142018983
 -1.233464723632658
 0.09407192926642478
 -0.4180742675629607
 0.7925799918002573
 -0.4913326733523738
 0.4482448759238196
 -0.001325335215224139
 -0.5070653718609913
 -0.8042543233518011
 -1.038846471557585
 -0.7446549046065182
 0.7495012545470937
 0.4768724476963068
 0.2443919565116993
 -0.6630331736155729
 -0.0584990686220084
 -0.103796506460256
 0.3843070357663432
 -0.41673050089239
 0.7822915953905325
 -0.05325551541055543
 0.744717099722277
 0.1056242663610664
 -0.5679847401135024
 -0.0220774954962505
 -1.030103895976897
 0.05287481356616496
 0.08929540594873032
 -0.1793117979411062
 -0.1679477956203933
 -0.009921649218167461
 0.8839442604470533
 -0.7846177330370174
 -0.7226959948183094
 -0.9359342333909956
 -0.8014328289561629
 1.214360424220371
 -0.1126166036618358
 -0.3591556027488891
 -0.3630747107570654
 0.06110366035935415
 0.7250486866065693
 0.3785473490669823
 -0.9893676742600691
 0.4162282693959609
 -0.2372417874870293
 0.6837973084814054
 -0.4802872069402067
 -0.4287493827995225
 0.5845295181128677
 -0.8673773158269038
 0.2382092442406537
 0.346672529937729
 -0.5719423364035876
 0.1228222516311929
 -0.4745448669595835
 1.462573057616676
 -0.2737021932942005
 -0.5118368747976531
 -0.3272173651080915
 -0.6093622666230947
 1.231930273641742
 -0.1974811802829371
 -0.6873188035936846
 -0.1630797203381777
 0.1343290410795379
 0.7395630260072228
 0.1947517524599134
 -1.433355569671701
 -0.1730297247838586
 -0.1141560865850996
 0.4484027640160911
 -0.9895739254686066
 -0.2942181810536825
 0.9222063279178666
 -0.7995743742136704
 0.420762861624467
 0.1563263453149507
 -0.4516327283126523
 0.1540453745215344
 -0.6662032833417313
 1.140257316223925
 0.3136864368437031
 -0.4188106225453167
 -0.006012634890096537
 -0.2307878376245292
 0.7263035632656181
 0.009254842840979213
 -0.6447608898285946
 -0.05381724983562591
 -0.07381595872591747
 0.3509878042449713
 0.0818371755897308
 -1.171489068519348
 -0.3929143283269813
 0.03458802789655127
 0.07133266137139525
 -0.8166245963305717
 -0.1034139774390269
 0.7117454916632082
 -0.5275994655955918
 0.3167377707881112
 -0.1145690101651962
 -0.4891335588464524
 -0.3723198394534
 -0.3083804044417155
 -0.2912521470744701
 -0.229097175668395
 0.458118965628798
 1.598919647514974
 0.7545875190640904
 -0.7350388972717757
 -0.9323509481266661
 0.0328017269954255
 0.2142003491298246
 -0.340908789712446
 -0.2233539245869176
 -0.105652472258172
 -0.08691143333533523
 -0.5952766643354772
 -1.6146315482791
 0.9091578113329141
 0.2502573151470371
 -0.6396792686906694
 -0.2735223264655359
 -0.7846833736807806
 0.3931570854919799
 -0.1733643697936771
 -0.3043317988244743
 -0.6256582111040311
 0.1721761790132934
 -0.4598826079684031
 -0.1327514708513294
 0.6345038747261313
 1.798140842834671
 0.6514956926432627
 -0.7248454269664791
 -0.6795315333702222
 0.1323899821338661
 -0.1785083026477075
 -0.4097346111131345
 -0.7867639363622507
 0.1538844924386167
 0.00383511604224161
 -0.8654082232183363
 -1.163390883251604
 1.551826439318088
 0.4044357550836359
 -0.7379779284301473
 -0.3035748883053041
 -1.125983713003621
 0.6650699812027154
 -0.4759690150939989
 0.3249996958746063
 -0.744255165850894
 0.9723026200059307
 -0.6494595394319758
 -0.0001325190297892401
 0.3532459072021587
 0.6692665581834334
 -0.1689260979454886
 -0.3636102350947121
 0.3992032186046218
 0.4706399753596127
 -0.7720324687028483
 -0.291404333443946
 -1.377421466653257
 0.357596444603388
 0.09099503109821953
 -0.5803395918114722
 0.3201102103726083
 1.645583003765269
 0.5649356528960513
 -0.8652363991260742
 -0.4937552343484938
 -1.098359868778428
 0.3918035792170144
 -0.7773997463463066
 0.7480868985839466
 -0.937083566836168
 1.047901961850297
 -0.7852369379361821
 -0.05555059029953156
 -0.004174760824768896
 -0.6428064659173504
 -0.8821952661325724
 0.341022039639053
 0.9412678623220827
 0.8154162392437028
 -0.9208452692417518
 -0.1959230414998343
 -1.013257112399107
 0.420397999854293
 0.04262090931453133
 0.4662309656236225
 0.7098087199275693
 1.311832711086828
 0.6825306017104232
 -0.9648598171315741
 -0.6912988328793753
 -0.7845917975838776
 -0.02895699373125787
 -0.4437489735523708
 0.5103305217013123
 -0.919496585057743
 0.3776407543609271
 -0.2654061887035397
 -0.4992154253895201
 -0.2443291164156225
 -1.333514096846534
 -0.9772030112715039
 1.248266123335578
 0.4634651289924259
 0.8539704040371474
 -0.6859737311639104
 -0.01805458327823386
 0.341291830845633
 0.3012687920503765
 -0.4062045671576669
 1.236071623545091
 0.1072725829265465
 1.024595423584353
 0.3728903313186667
 -1.096019560538442
 -0.3880145250860601
 -0.4115340529027282
 -0.06351515956304099
 0.4146944048344787
 -0.1483774951873802
 -0.5709725039864886
 -0.4510298773268654
 1.035110230497444
 -0.7808271612339106
 -0.3063624288170437
 -0.9690142559244223
 -0.7552844622755533
 1.673977464244063
 -0.1229037492915467
 0.5108850332379569
 -0.3908187462633222
 0.1827969066420697
 1.185038543533586
 -0.066546525011694
 -1.211607382352166
 0.7630721327210609
 -0.2206610023054278
 0.7290355168256425
 -0.4454052307774538
 -1.164914807992075
 0.05885576164087514
 -0.2446395658961741
 0.2833620965153121
 0.9159515559581884
 -0.4285805796428835
 -0.1421479125845197
 -1.018026589237672
 1.836675313777171
 -0.09899238765141938
 -0.4494422780311499
 -0.1923441593657695
 -0.3915333377138897
 1.304866897078362
 -0.02948213827434399
 0.1391552621217764
 -0.1411200565394844
 0.2641078681587201
 0.8448811611327314
 -0.2941783708437552
 -1.801740804356851
 -0.3237312675145404
 0.007909495733812815
 0.2351794317533417
 -1.057333995930696
 -0.9100773192296027
 0.3223362836063573
 -0.2703920778942599
 0.5836241397125632
 0.5977050170402436
 -0.3469971094332775
 0.04449582986671059
 -0.9923370835841004
 1.358838302068441
 0.5918222547213901
 -0.5562800712481354
 0.2070862337706853
