# Created by Octave 3.8.1, Fri Jul 03 15:45:56 2015 EDT <jason@jason-h8-1360t>
# name: opttheta
# type: matrix
# rows: 3289
# columns: 1
 -0.6531395728587359
 -0.1170594184457082
 0.8852040934297531
 -0.595531812203262
 0.142797619877673
 -0.4843341271220381
 0.3232373254277969
 0.1136561567643171
 0.2121422742083746
 -0.002167891080382837
 0.5599501537970158
 -1.219185502740819
 0.07837149978117273
 0.6875813620452903
 -0.03097098388921493
 0.07970389257722844
 -0.7355955304260449
 -0.1756216088622585
 0.3991641619437645
 0.5198257143628312
 0.7075231437749636
 -0.3734452979227986
 -0.2612176639042861
 -0.4253403743678346
 -1.266566218996737
 -0.8174866780987927
 -0.1858601015594876
 0.8824772297527165
 -0.5226807712296351
 0.4160239046892897
 -0.6881244955450713
 0.263375224887231
 0.3121603654745681
 0.6865504500701853
 -0.332521977073049
 0.8437535927426971
 -0.621443590944486
 -0.213978683495549
 0.7644965020914529
 0.1096631043071608
 0.2144503768439623
 -1.175510242149906
 -0.5287625305248753
 0.3320110354515163
 1.108938473866438
 0.3762319006679564
 -0.3160999841508131
 -0.4188781572088554
 -0.8011785351807564
 -1.400510751640327
 -0.4676856362209608
 -0.4214891744519089
 0.2013158415628216
 -0.1081938249437371
 0.3977801000695919
 -0.5224149026614189
 0.02835399991485426
 0.5304813276817864
 0.8727601905377922
 -0.5496436597590348
 0.7604936629294381
 0.7718261114572101
 -0.6059015552415021
 0.5243327014842351
 0.06341546608737575
 0.3098338146068221
 -1.451124237046643
 -0.9344074175138766
 -0.1736936933672529
 1.469326208279154
 -0.5920213000185298
 -0.2463622061042354
 -0.487984240471096
 -0.9058824135200971
 -0.5423622312470332
 0.1260035802217762
 -0.6413289152819805
 -0.239595987037495
 0.2226995799065992
 -0.1376923661214246
 0.08548146698861098
 -0.09454334972164649
 0.2734335975723086
 0.5983620531514345
 -0.4176014988674104
 0.4519360914673217
 1.244425072405353
 -0.4543384524315368
 0.3902586402166
 -0.2144013458748531
 0.4303217407998431
 -1.427297234503251
 -0.8484347404274615
 -0.5453834168227458
 1.616390577707657
 -1.258285183948028
 -0.3916940350499155
 -0.2204535081231259
 -0.6441365001700868
 0.6952615927217783
 0.5024669326440957
 -0.5883010000322223
 -0.3023899064156095
 0.2687851676456968
 -0.7993771677043487
 0.7928250865514327
 -0.2296399655536758
 -0.3038112248218144
 0.08349392956511728
 -0.1466115071870907
 0.0389574255636191
 0.4500878177184873
 0.1937378644881265
 0.2865079875206746
 -0.4760794133026808
 0.4937311756772034
 -1.40255502549136
 -0.1721161773831657
 -0.2174296212410151
 1.42773771888
 -1.254901143650982
 -0.3715790934952568
 0.2056834840226562
 -0.2781675616710242
 1.120258670655281
 0.4027523900590051
 -0.1566733323177699
 -0.4946971298559095
 0.05515298478231481
 -1.231096516055907
 0.751707736392468
 -0.3091389174745778
 -0.7219796481080247
 -0.4096998621464048
 -0.03285250122766831
 -0.2005964846414073
 -0.4226073007933971
 0.3784887608242859
 0.08345769869731497
 -0.799526980336137
 0.4311716473487091
 -1.461855551093541
 0.3021214528745648
 0.378478446436519
 0.9560628098924521
 -0.5863017535616827
 0.178463583333949
 0.7065810432434491
 -0.09973746051864388
 0.5155082962990232
 0.2251790079132759
 0.2955903087085088
 -0.758235564794601
 -0.1771483043325807
 -1.279458900799277
 0.1072288750008075
 -0.2846883581035932
 -0.7308383379465158
 -0.6090196224016516
 0.07674372155822393
 -0.2810355630956372
 -0.5438182319501496
 -0.06919712682078778
 -0.04332874156720491
 -1.017300850795697
 0.2480629913043575
 -1.38341597787043
 0.2894925555317773
 0.719590025923588
 0.4054098773636026
 0.4755478555986681
 0.7917162431467001
 1.011600437090792
 -0.1410019021755474
 -0.2765174243181174
 0.08080941060073903
 0.4168809255141444
 -0.7313362048822045
 -0.1635731929189445
 -0.9119334794677587
 -0.2873880139061353
 -0.2366840091011881
 -0.52174310980518
 -0.4427343864363788
 0.1571388735338718
 -0.2261141786764183
 -0.2146884697788131
 -0.3811466108381651
 -0.1373261442372295
 -0.7613378613539671
 0.02905753402059594
 -0.9261419524512836
 0.1493238319124501
 0.5557900873995111
 0.02874765632507173
 0.7755504859569774
 0.6034416454620696
 0.8010531338574022
 -0.2663890055224309
 -0.4467031770608862
 -0.7872639846602693
 0.115302366145465
 0.9332952415594702
 -0.8715493380308955
 0.1588227916799975
 -0.5886881214731234
 0.09522135302134763
 -0.04847901435616694
 0.6896049479166975
 -0.04113503524851483
 0.441502074596229
 -1.496368831654763
 0.1160374541533279
 1.122112941775548
 -0.002160042850236634
 0.06610420321178771
 -0.2716293494738116
 -0.5982928151258656
 0.5206416588986832
 0.4171263783399515
 0.400199518324795
 -0.4594371834846555
 -0.4210103896696794
 -0.8301832439842588
 -1.37095400870006
 -0.9976859478323095
 0.0132307754089172
 0.8282933752363627
 -0.9563409368729306
 0.4826963016708146
 -0.8958855956466983
 0.1046284227207338
 0.2848728966054954
 1.317050907551636
 -0.3985599641172988
 0.9478802173166804
 -0.664656916521158
 -0.3483575347887371
 1.355886386437965
 0.08997543071758879
 0.1512427281007399
 -0.4460030121585665
 -1.110013374203246
 0.5465033822877688
 0.6787618045601126
 0.08786635667799961
 -0.3520527984139743
 -0.6126123195961317
 -1.179013448973149
 -0.9927529009280938
 -0.6512446478787155
 -0.4122816842985942
 -0.07977454856425562
 -0.6069251512444245
 0.6619073715855076
 -0.8780113827686529
 -0.06474534191625142
 0.5082830289693354
 1.164111929202099
 -0.510525151799808
 1.151618305435394
 1.156557042803065
 -0.7962946190475304
 1.074026117607135
 -0.01878786392961104
 0.2372701913178065
 -0.7113965108395579
 -1.125867771931243
 -0.02629536341693682
 0.878969048424818
 -0.737477003983071
 -0.2068341925386016
 -0.505253174861059
 -1.255422831878547
 0.2647228931470228
 0.1838818812448642
 -0.8272564437706033
 -0.5318067365941048
 -0.1748085778693816
 0.2199604391940572
 -0.1373524367143494
 -0.206828335294778
 0.1983495167308513
 0.4136732281731442
 -0.3772132309147885
 0.826027835896434
 1.579537773348418
 -0.3350795670583092
 0.8032804789930058
 -0.4503651449011704
 0.4840896191586372
 -0.7609045166150624
 -0.4769129322036552
 -0.7793964790727166
 0.96387287998242
 -1.450204242819711
 -0.4487520538213738
 0.04057460529579573
 -1.244221267812993
 1.288377261457287
 0.5820682016010498
 -0.8770029346478297
 -0.5437779834718293
 0.1314867395272742
 -0.6628260948651917
 1.008143346971959
 -0.3932305248207245
 -0.4686676386391513
 -0.1665045666926609
 -0.1987381149791423
 0.2485035498870445
 0.5063995818589695
 0.5709129347713977
 0.610406765100427
 -0.7187553815277918
 0.8204270818279736
 -0.7897577138651506
 0.3340928915372404
 -0.6720928304978427
 0.7886411802929871
 -1.245017284001013
 -0.5434025689487597
 0.7477792264570542
 -1.02218537485775
 1.283863171448659
 0.2856171888552371
 -0.4175080910640402
 -0.5867910010968554
 0.08157198716540068
 -1.342314153092403
 1.105531646473255
 -0.4479257590552073
 -1.065972044901329
 -0.4175207122309568
 -0.1738609867885753
 -0.08127730292891616
 -0.39640886838927
 0.7632472771052536
 0.2314869812016249
 -0.9973777060819987
 1.061303770043881
 -0.8670789956664625
 0.524106066006149
 0.08251384517413202
 0.3692350679155282
 -0.1182434723998795
 0.2589087240890426
 1.252468355726882
 -0.7616885139186654
 0.3104167188161181
 0.1747360622934545
 0.1366161347644419
 -0.825026859180924
 -0.06192714545189038
 -1.502032542209284
 0.2054218898434662
 -0.1764032807329649
 -1.071272440067435
 -0.3475856280112448
 -0.2009769556633194
 -0.1968002504552425
 -0.1676759752736796
 0.15504745883385
 -0.127628743737796
 -1.00721685018009
 1.078022425172363
 -0.8758666263320017
 0.2163678407698645
 0.6693803329501579
 -0.219813069693574
 1.000225622722006
 1.1645634766691
 1.319801455302597
 -0.6462919762335835
 -0.5722484653134079
 0.200244852478556
 0.3465774130390683
 -0.8237977460378003
 -0.06913960951757739
 -1.09256049070614
 -0.3189673162131864
 0.03560514837013239
 -0.5297785781053885
 -0.2383139304109536
 -0.1586353261584196
