# Created by Octave 3.8.1, Fri Jul 03 10:20:30 2015 EDT <jason@jason-h8-1360t>
# name: theta
# type: matrix
# rows: 3289
# columns: 1
 -0.1831122391640905
 0.02339127818226655
 -0.2098729988859148
 -0.1888197757207385
 0.1915458426234584
 -0.182419404030185
 -0.06868353597041393
 0.1895472395590212
 -0.1420597140208555
 0.01381686411200939
 0.07942237971414717
 -0.1867747324619322
 0.2390405937677851
 -0.05917701862206154
 -0.1409551466067625
 0.1992963133916191
 -0.1245390220775708
 -0.03474186108829649
 0.2353768061706641
 -0.1301682543746097
 0.1857637054087916
 -0.2384036781814784
 -0.001922487163191988
 -0.05343893170175981
 -0.007336540209024134
 0.02338191088630087
 -0.2312545130802437
 -0.04011366003614522
 0.2042711304217102
 -0.1640425603217525
 -0.1094162512311068
 -0.2350786280596029
 -0.04774157013986771
 -0.2266555046686816
 -0.1067510424641872
 0.1823402678631456
 -0.1652085997879957
 0.04604365092911106
 0.09933777122468779
 0.1566064471682223
 0.0637899506885824
 0.08398219965054504
 0.0551057014716701
 -0.1111871410429895
 -0.1720358762818303
 0.08908234506285306
 -0.2400801481936203
 -0.2301904403036279
 -0.06542143590368976
 -0.2515183229559802
 0.08360465674816148
 -0.1149930268040879
 0.196572718823033
 -0.214592696315329
 0.01470826264045177
 -0.1108195202746311
 -0.05907423972577419
 -0.152556427888224
 -0.2176884656386427
 -0.2159169963963496
 -0.2201767878118843
 -0.1759786300658737
 -0.1115652629638445
 0.2049466585068525
 -0.23723166970379
 0.03167320067470802
 0.1329488894439914
 0.02564161609393878
 0.1706788832544304
 0.07434838717136633
 0.2201565871444949
 0.2400851008341499
 -0.1091968403922511
 0.09138003618114732
 -0.207842286439077
 -0.2378448081838461
 0.01152814628460797
 -0.001567153432628365
 -0.2462745994128589
 -0.02708597347858305
 -0.2071223336637219
 -0.06831700431698168
 0.1899551430161205
 0.008591147078554295
 -0.1431358762888573
 -0.1472996713213021
 -0.1126256139326326
 -0.1685574440916381
 -0.1592206071288287
 0.2082780837194236
 -0.1805434697939697
 -0.2479320382529824
 -0.1695623759494017
 -0.1629565856744365
 -0.07543963030224618
 0.1411991767126715
 -0.03230350206473048
 -0.02461608756364103
 -0.2547320679383215
 0.1570092357807626
 0.1370185358169845
 0.2323968301642724
 0.01602458513544613
 -0.06939486537427045
 0.1315530977396309
 -0.05046347191188996
 -0.07023948374908423
 -0.2183887243327596
 -0.2572485574082476
 -0.0006022833654913406
 -0.03014159590772986
 0.2106915649741681
 0.2551724541560147
 0.007449344938636526
 0.07210165324174217
 -0.09089414705886992
 0.1101602374921297
 0.2438051235836471
 0.1358899844077889
 -0.1595942276562004
 -0.1146127648090177
 0.1271586256807808
 0.1132709191740857
 0.2432561472050251
 -0.04028496747677299
 -0.01200448557372388
 -0.02805715502198058
 0.1354784720003054
 -0.1697812078992066
 0.1714302735857054
 0.1192010297804209
 -0.1590383802222859
 -0.04938062012959676
 -0.1570767663989294
 -0.02147036962774115
 -0.03726233280205232
 -0.02296793801788244
 0.03347771790425702
 0.1366118933449986
 0.1545828937111979
 -0.2434299297208606
 -0.09168489095345192
 0.02521354405809223
 -0.1247778202236458
 0.1511858386196797
 0.04839468582153639
 -0.2480740096318874
 0.1260839062692164
 -0.08592141471736253
 0.1525681129436073
 0.1316065341377592
 -0.201236131427577
 -0.01580720976020181
 0.01290616880701906
 0.2031066145150738
 -0.1079027878882891
 0.1996630228050771
 0.2112742980907512
 -0.008512932701704529
 0.2157148318482408
 0.1722290420453438
 0.08786887291184536
 0.2137070758541268
 -0.1340498084963819
 0.1831556261956913
 -0.1016639162454623
 -0.1078486936627969
 0.2422383720450496
 -0.05665851921001669
 0.2159939199487326
 0.1318052746389481
 0.1393945983187285
 -0.00164395210946483
 -0.03950179175493893
 -0.138436168523645
 -0.2219791815191993
 0.1765642756680466
 0.03714389828325909
 0.008678696490440618
 0.1056430993895212
 -0.01144827325159387
 0.1783895601600186
 0.2242388207520437
 -0.08813543983446126
 0.06168744708687884
 -0.1387724351701082
 -0.02336464181877262
 0.1988662773028057
 0.05642538225502269
 -0.1004546012567507
 0.01612171985098643
 -0.1440250259279435
 -0.120461502986595
 0.1808564928673885
 0.2465075091647647
 0.08439510277354328
 0.1322258384572635
 -0.1457798099174394
 -0.07327455495351357
 0.2451399816137159
 -0.1184432835601578
 -0.1365387699262122
 0.1813702582905001
 -0.02245241487231808
 -0.2153265158516507
 -0.1390960041885581
 -0.2458544823080945
 0.2339015909757601
 0.1182839145688647
 -0.2581136231597576
 0.1652512011244454
 0.02126760965024943
 -0.1500698959311308
 -0.003207076049631385
 0.1162984313950702
 -0.05641790667341617
 0.141986507517021
 -0.1149247243380421
 0.05083730487153498
 -0.01889799075163107
 0.1231120484105175
 -0.1714464782140804
 0.2216416976766171
 0.2031708834177088
 -0.1224771548078868
 -0.03663543001008729
 0.2354470074857667
 -0.1751071397575106
 -0.2506783282092845
 -0.1427541513474495
 -0.1237286675500573
 -0.02901165705900619
 -0.1841524403123049
 0.1062288065700798
 -0.1186747714083717
 -0.08837455879850745
 0.008495045806693247
 0.03430409402590101
 0.1981429964030711
 -0.01807494274307361
 -0.05003989963021069
 0.06195570974907338
 -0.1997831328969663
 0.06086162788932681
 0.03578412339561332
 -0.2581258916299898
 -0.2176831524839841
 0.01980697724125891
 0.00971471027688936
 0.009890887797012804
 0.2311145320847798
 -0.1515198555745655
 0.1612569308893512
 -0.0651427808909707
 0.1591325637838085
 -0.01305019898488038
 0.249624861641594
 0.02871879679707151
 -0.07722477528595001
 -0.001524407803784655
 0.05651699349579986
 -0.1231677714718094
 0.1861795818762041
 -0.1326998104710258
 0.1469194364641622
 0.0006389582227538382
 -0.03011333972515196
 -0.07213848071567394
 -0.2070102711126847
 0.1203993323894893
 0.2262035820761941
 0.1573743195074859
 -0.1044365281094989
 -0.08021273580631227
 -0.04162899415656007
 0.004659067029659625
 0.09082429658463492
 -0.2021235518441642
 0.0842923001592546
 -0.09490874807101296
 -0.1529560543566072
 -0.2166416486287286
 -0.1747524819075978
 -0.1312823552424596
 -0.1854090788097383
 -0.2469822490655091
 -0.1360538146901301
 0.1117462934468497
 -0.06652736216428246
 0.01188984024374046
 0.2441918538918911
 -0.2130740882890339
 0.2181761601187085
 0.1257950354548535
 0.2099583068946995
 0.07157494962320105
 0.07588297943930322
 -0.01829239383609244
 -0.09764526649465105
 -0.1380199900035912
 0.1365177351948504
 0.2168548017650531
 -0.07837435151639321
 -0.04958120350493123
 -0.1614483375711757
 0.2352316134554652
 0.1953844765862402
 -0.1809979408277925
 -0.09994434741876507
 -0.1720806225125256
 0.0543452861253958
 0.13024351448968
 0.04739734805683354
 -0.0425035769853688
 0.1560153794931473
 0.03188136482993892
 -0.2533206943493634
 0.07622358488896736
 0.2008322328493858
 -0.09829911453726867
 -0.1300422718714451
 0.05385554612133386
 -0.2164174541713394
 0.03646513154315406
 0.05625788758206118
 0.05019483013189918
 -0.2353868357291163
 -0.07361270633564801
 -0.03435241414453902
 0.1783790624293451
 0.05077434795429947
 0.1497420212953406
 -0.08057676178635703
 0.1894046908019413
 -0.2564002062494143
 0.06457297673865808
 0.2423561719811023
 0.2039837432309491
 0.07311759128969092
 0.1707762702709036
 -0.2511340932407747
 0.1673591587710921
 -0.2435836497442714
 0.1263122068136379
 -0.04663255474927827
 -0.02680111111733496
 -0.2249500152251189
 -0.09552041104755468
 0.2111012049726081
 0.08616325286120635
 -0.08394209793033211
 0.04738957503059354
 0.07682724698656068
 -0.2187531916738421
 0.2105622298548168
 -0.005510685527091941
 0.1611497350118157
 -0.02283243240658087
 -0.1072675720088831
 -0.1812580817800656
 -0.1352203174108784
 0.1818378022013041
 0.06096199222914217
 -0.2250237902465486
 0.1103179953685578
 -0.2507787929559695
 -0.2565397549629032
 0.01935002150305892
 0.02526331376668578
 0.2178717570726124
 0.1684163308765996
 -0.08916008490374483
 -0.04959514490995898
 -0.1390668859510563
 0.03531412653849259
 0.1299174861328182
