# Created by Octave 3.8.1, Fri Jul 03 15:51:30 2015 EDT <jason@jason-h8-1360t>
# name: W1
# type: matrix
# rows: 25
# columns: 64
 -0.6531395728587359 -0.8174866780987927 -0.4676856362209608 0.1260035802217762 0.5024669326440957 0.4027523900590051 0.2251790079132759 0.08080941060073903 -0.7872639846602693 -0.9976859478323095 -0.6512446478787155 0.1838818812448642 0.5820682016010498 0.2856171888552371 0.1747360622934545 0.200244852478556 -0.5864531064690626 -0.8198051837939853 -0.4501920172301677 0.3345345294548812 0.4423822943675869 -0.04781242692340496 -0.0910801652920538 0.2391824537808753 -0.6049774678505287 -0.7213735625216009 -0.2754253783277941 0.4851337531147128 0.3160030257426511 -0.2877976270733452 -0.274941117131081 0.134866458397382 -0.7021871529342906 -0.7619026212642938 -0.1863289672647285 0.6154748108030077 0.6232719674743222 0.06083378274418641 -0.04333833615684199 0.1491237380011504 -0.7718119352603302 -0.9564956453883124 -0.5386709090932816 0.4478723709407688 1.054903543282202 0.8606948128551307 0.6521221312242486 0.4709988953802885 -0.7999541414247076 -1.126226026258647 -1.081498680505278 -0.2949397170351356 0.7906050051511225 1.15318971122857 1.020355737095105 0.6443958964844295 -0.6462969447518382 -0.9061191733163579 -1.081982284249152 -0.6971553840556902 0.1931471672386049 0.6593280141431106 0.6091172368108604 0.3175945418301821
 -0.1170594184457082 -0.1858601015594876 -0.4214891744519089 -0.6413289152819805 -0.5883010000322223 -0.1566733323177699 0.2955903087085088 0.4168809255141444 0.115302366145465 0.0132307754089172 -0.4122816842985942 -0.8272564437706033 -0.8770029346478297 -0.4175080910640402 0.1366161347644419 0.3465774130390683 0.6463578347190078 0.6777858388735719 0.1958569160149125 -0.5846407465398139 -1.024812797655404 -0.7399296116380271 -0.203044184435263 0.06764921551600392 0.7688247423080519 0.9983673630673199 0.7052874399171977 -0.1038376538881971 -0.7914202122620734 -0.7753632990673659 -0.3937022126316728 -0.05130190441152151 0.3989610296013198 0.7488565184009168 0.702686583185842 0.1189094028976943 -0.5644878467947503 -0.8325605141271514 -0.67373228709944 -0.2587740748849577 0.08162660249303365 0.6137722639996712 0.7280392617375129 0.2501624032820182 -0.5366080237806651 -1.031974876565494 -1.020342285203928 -0.5608463916809499 0.2608955706863817 0.9141308028475491 1.197321497170466 0.7361203901332679 -0.2178762311529834 -1.008484541494668 -1.128586034896098 -0.7588989245578824 0.3394476761094233 0.8637091582460285 1.143466641909118 0.9019806290730564 0.2237797074178326 -0.4973214597851283 -0.7757484494856652 -0.5532578492246477
 0.8852040934297531 0.8824772297527165 0.2013158415628216 -0.239595987037495 -0.3023899064156095 -0.4946971298559095 -0.758235564794601 -0.7313362048822045 0.9332952415594702 0.8282933752363627 -0.07977454856425562 -0.5318067365941048 -0.5437779834718293 -0.5867910010968554 -0.825026859180924 -0.8237977460378003 0.7894416387253226 0.43726290131849 -0.4661687290323242 -0.6525017473096217 -0.3628591784288077 -0.176683258414111 -0.3732811627745984 -0.45969095612432 0.6998570035544843 0.2524110612795495 -0.6307919723863472 -0.6099992630599591 -0.02299788742161269 0.2987460155234338 -0.01057554558412507 -0.2786905728633332 0.9526871251880515 0.4810206521474308 -0.6144230629322882 -0.6390565682526601 0.00587306473912768 0.317793902196684 0.05326813927205255 -0.3099861306811494 1.469446268408184 0.9852305212152204 -0.3763053847189151 -0.7741712545498747 -0.4137895307182115 -0.1092805258963267 -0.212677223571595 -0.4675425948503575 1.651983316828764 1.322674615872057 -0.04402658088281919 -0.8742869199573033 -0.8360408941469855 -0.5543446840882323 -0.4410847058306031 -0.4603866138420824 1.150546132165203 1.047680589663275 0.1265626096737596 -0.6433137506577337 -0.8335888083801009 -0.6753823799358862 -0.5014010533021491 -0.3495505986620733
 -0.595531812203262 -0.5226807712296351 -0.1081938249437371 0.2226995799065992 0.2687851676456968 0.05515298478231481 -0.1771483043325807 -0.1635731929189445 -0.8715493380308955 -0.9563409368729306 -0.6069251512444245 -0.1748085778693816 0.1314867395272742 0.08157198716540068 -0.06192714545189038 -0.06913960951757739 -0.8130066301226769 -1.118597052245639 -1.102234188656688 -0.8702481413454445 -0.5074792118198483 -0.2251263482137759 -0.007472351939820146 0.07198335398228262 -0.1545779223224091 -0.491675954331161 -0.9827646627257512 -1.232677374780158 -1.095246559494816 -0.715891551984691 -0.3139627304466124 -0.1042679242999579 0.7718193506122476 0.7654941518706185 0.2256056566186509 -0.3625727803986498 -0.6832890026051904 -0.8515239746307071 -0.7654492260067209 -0.5233693499520722 1.086534964104448 1.43086671866124 1.315299090371164 0.9592023535282347 0.3701901816679335 -0.3420649486136345 -0.7457386268032333 -0.6783104521149693 0.393419932063881 0.7074264402831925 1.090619898419205 1.317283288258856 1.056809543510779 0.4288452014048971 -0.07463317725692367 -0.2503071750999537 -0.250514710408249 -0.3404192208800992 0.05498725996612998 0.529403071188867 0.8266839267709554 0.7091339416242578 0.3836595759904581 0.1509303231760554
 0.142797619877673 0.4160239046892897 0.3977801000695919 -0.1376923661214246 -0.7993771677043487 -1.231096516055907 -1.279458900799277 -0.9119334794677587 0.1588227916799975 0.4826963016708146 0.6619073715855076 0.2199604391940572 -0.6628260948651917 -1.342314153092403 -1.502032542209284 -1.09256049070614 -0.1018108508616607 0.1899460465191891 0.7431974641755335 0.8163059343687202 0.1126377788659553 -0.7477258453543079 -1.184304250057737 -0.9495096096193537 -0.2206786880710905 -0.03533165495689011 0.642966343519576 1.057827189843128 0.6585756986347095 -0.2996787142978517 -1.109565993955807 -1.10769982830444 -0.03590099011123888 0.1151737363122503 0.5242437974866386 0.9577704973835568 0.8908065966645344 0.1179922913898103 -0.9140411429817135 -1.200133204369127 0.04935908473899106 0.08630686044949386 0.2007572235473247 0.592576705090059 0.9263567572689597 0.6079354698234609 -0.2485778597434389 -0.7784264375491373 -0.03964492788153619 -0.1150311787160865 -0.1016271403524256 0.2290342940808802 0.7926948413976568 0.8170364354944808 0.1537295003652393 -0.4113854200388994 -0.04825529721419171 -0.08831577782101296 -0.07868035341836224 0.04860259113869661 0.4283338540134866 0.5435120143089506 0.05746994561164381 -0.3695123353206684
 -0.4843341271220381 -0.6881244955450713 -0.5224149026614189 0.08548146698861098 0.7928250865514327 0.751707736392468 0.1072288750008075 -0.2873880139061353 -0.5886881214731234 -0.8958855956466983 -0.8780113827686529 -0.1373524367143494 1.008143346971959 1.105531646473255 0.2054218898434662 -0.3189673162131864 -0.315451176527866 -0.7870392133442351 -1.131331361418597 -0.5602747052489577 0.8937940110420219 1.462459812083684 0.5463000528635082 -0.1707541431511292 -0.07947943264311558 -0.593044945242777 -1.231618273731125 -0.9376871141041104 0.5727624831022703 1.587269077647504 1.04025185520974 0.1708358250896102 0.07245112083030184 -0.369061680659601 -1.040415985871721 -1.056812428604704 0.07784520625173337 1.197346857420019 1.059430939194527 0.4082156692577502 0.280711117232103 -0.0832125351152469 -0.6761899780382851 -0.8584141620167967 -0.3070043695350639 0.4188345141814073 0.465811018550736 0.1161478276189891 0.198803926103083 0.004973848800609741 -0.4495093909710492 -0.5848663305015168 -0.4002735309770694 -0.1367825764015804 -0.1579433784485748 -0.2735206219128142 0.0930306111628795 0.01330055380786055 -0.2271317953436384 -0.3465004984836423 -0.3535548386111166 -0.2486789344415004 -0.3270635031152055 -0.3989645174758027
