# Created by Octave 3.8.1, Mon Jul 20 09:15:28 2015 EDT <sensors@sensors-Precision-M4800>
# name: W1
# type: matrix
# rows: 25
# columns: 64
 -0.1156968681518472 -0.3081672652955967 -0.4814124092376796 -0.592024409905749 -0.4180742675629607 0.08929540594873032 0.346672529937729 0.1563263453149507 -0.1145690101651962 -0.1733643697936771 -0.4759690150939989 -0.7773997463463066 -0.4437489735523708 0.4146944048344787 0.9159515559581884 0.5977050170402436 0.05653075280101585 0.1432905452094348 -0.3673702063909217 -0.9012741734675593 -0.5316939062046709 0.5037361268239965 1.0796076197355 0.7501160580615678 0.103165334404631 0.2177440594165695 -0.3375409648021798 -0.9824459787536108 -0.5998414269264781 0.5081451009171417 1.008005587980515 0.5646218966263521 -0.2061128401230699 -0.1484743853476598 -0.612195218178518 -1.007666109848649 -0.3253513624437002 0.7428407787387811 0.8713130855986007 0.2338866543496111 -0.480815584608857 -0.6747852794322702 -1.044138234599312 -0.8959979810399055 0.2306052906126136 1.081702052112582 0.7710716611119418 0.007783777675200025 -0.5954177552213872 -0.9442220175026244 -1.169982095997961 -0.5638884849089334 0.7179071803919443 1.239771785919429 0.7235449508612309 0.02069736394564191 -0.548382350545018 -0.8923055434194361 -0.9049675960759186 -0.2280528743848399 0.6390636876997745 0.8512348706461484 0.4269201485897599 -0.02046398791331962
 0.147195241221503 0.5871534170573416 1.241084541725234 1.359770014624545 0.7925799918002573 -0.1793117979411062 -0.5719423364035876 -0.4516327283126523 -0.4891335588464524 -0.3043317988244743 0.3249996958746063 0.7480868985839466 0.5103305217013123 -0.1483774951873802 -0.4285805796428835 -0.3469971094332775 -1.057939580101891 -1.496392741188745 -1.353146250498436 -0.8831521954781383 -0.4947553810500573 -0.3172817453476158 -0.1303929630370121 -0.06595566099673938 -0.6429558480430855 -1.14078067850535 -1.461280694159834 -1.391833586978935 -0.9708494577557094 -0.4163827922954785 -0.02341660927704541 0.1190669333453215 0.6621538164987741 0.7519711656168205 0.3466340344736605 -0.1635275865673279 -0.307523997584559 -0.03321559291329788 0.1181753204614645 0.1561088884051965 1.05144237264076 1.677527901898067 1.495555494806927 0.8643088269542195 0.3054378513867817 0.006433591413761442 -0.1112406622079605 -0.1030994802402336 0.2237570675981274 0.645796452840073 0.6918850365736554 0.5153699898179894 0.1727175651943314 -0.2455603581910185 -0.5019901030997048 -0.502654501100901 -0.2866196336239401 -0.2647802397339949 -0.2296126431797724 -0.0332723244907997 0.03048919176854791 -0.1355361208553142 -0.4130998039895645 -0.5068718851520304
 -0.2980588817885584 -0.4714589088576516 -0.5388347608749652 -0.5939847188963647 -0.4913326733523738 -0.1679477956203933 0.1228222516311929 0.1540453745215344 -0.3723198394534 -0.6256582111040311 -0.744255165850894 -0.937083566836168 -0.919496585057743 -0.5709725039864886 -0.1421479125845197 0.04449582986671059 0.1177359980305536 0.09774908265842451 -0.07890406815687664 -0.5220831446133143 -0.9098617978850092 -0.8605455787499727 -0.5049589185487703 -0.1442635445633138 0.7195539334389148 1.13734737085358 1.236576943779083 0.6462294774454468 -0.1542042515234301 -0.6815453533654936 -0.750618763691308 -0.5251479882246861 0.5632965422231138 1.087322459104273 1.528320008947231 1.442442938058242 0.7225959038144111 -0.2593922126571575 -0.9043759174017816 -0.8443774566118257 -0.2898135133038967 -0.1345007325135404 0.3461844045266693 0.8126933211769367 0.8633264389372552 0.3496162482791329 -0.3334665981448933 -0.4116750629547992 -0.757738279396264 -0.9232398526906499 -0.6771040918465888 -0.07768545533925653 0.6194944858244199 0.905906948129464 0.6747409532117175 0.3778287017335802 -0.5640787320725021 -0.7316070674423594 -0.7207300700286339 -0.4285379597248 0.1857383700804406 0.713747145659844 0.8413882576913523 0.5626540804315966
 -0.4046798342112246 -0.2412420489270758 0.3592382724816157 0.6708269480874829 0.4482448759238196 -0.009921649218167461 -0.4745448669595835 -0.6662032833417313 -0.3083804044417155 0.1721761790132934 0.9723026200059307 1.047901961850297 0.3776407543609271 -0.4510298773268654 -1.018026589237672 -0.9923370835841004 0.1203275963213958 0.7023398609960043 1.192086473380827 0.8132146598819053 -0.1021780422128367 -0.7628458565372074 -1.009992146561268 -0.8267570485543486 0.4668984568064888 1.017666214907908 0.9446456613935703 0.1058995643755804 -0.6778333336578179 -0.9157607930574548 -0.7645820951022962 -0.4262288593783609 0.7754617000893311 1.135715446332057 0.559295478317688 -0.4129909108750707 -0.9323965855789391 -0.7842448690006224 -0.376917156764327 0.01998259352597557 0.8499294428549752 1.00215728541996 0.2173389138558057 -0.7057516807922658 -0.9816815925807008 -0.5903868208745552 -0.03844680894820612 0.2890264497432852 0.7279344410282871 0.6333286678671608 -0.2531046967841124 -1.028922087604567 -0.967142412304884 -0.4296140687197111 0.1487559674761649 0.2616941405033797 0.456295028125206 0.2231585374521844 -0.5322468945271986 -0.9325163909643268 -0.6969008848281758 -0.2582207529430912 0.1175214435221622 0.07487643634917221
 -0.2229251161449932 -0.3360803412696856 -0.3973582149997876 -0.3767858826211771 -0.001325335215224139 0.8839442604470533 1.462573057616676 1.140257316223925 -0.2912521470744701 -0.4598826079684031 -0.6494595394319758 -0.7852369379361821 -0.2654061887035397 1.035110230497444 1.836675313777171 1.358838302068441 -0.3374638384283467 -0.5336138086800418 -0.767071982221699 -1.004227636922995 -0.7452359155275324 0.3770246674250645 1.290046496317361 1.092917701732633 -0.1271110122203345 -0.3112198092359203 -0.5866633259071536 -0.9087168797030681 -0.9503316978512037 -0.1087544707928168 0.6894658685317057 0.7150768067943226 0.1178147890101557 -0.03843187434243606 -0.312902602463994 -0.6126882653027554 -0.7693789310405678 -0.2619838955941441 0.3005976892837723 0.4537674918908526 0.2561942063975082 0.2224033044870201 -0.02952530651102507 -0.3781015759563043 -0.5878494639374575 -0.4836042799933779 -0.1883924514596754 0.1331099478838093 0.4420353936548449 0.4797393539041695 0.2066717652917973 -0.2171137905259317 -0.5753103664445716 -0.7627338254633214 -0.6232624144386087 -0.2549612969061334 0.4558562445452534 0.4135426900316612 0.2152290263232189 -0.1993128615953844 -0.5918855664301084 -0.7071848975254478 -0.5371790474034749 -0.3713641211640094
 0.04680541983987369 0.1635646290345598 0.2278958167505859 0.02547681226142447 -0.5070653718609913 -0.7846177330370174 -0.2737021932942005 0.3136864368437031 -0.229097175668395 -0.1327514708513294 -0.0001325190297892401 -0.05555059029953156 -0.4992154253895201 -0.7808271612339106 -0.09899238765141938 0.5918222547213901 -0.5199231826944704 -0.4362450275493135 -0.2176944631344696 -0.1230726586722332 -0.4918784785844457 -0.6584801539884683 0.1248611402009318 0.7842749099979229 -0.5712416685873468 -0.338543241117613 -0.08723861701790661 -0.1160197274073427 -0.6040550815363545 -0.6834691195657917 0.3962288999406353 1.015142430054441 -0.282829584030267 0.009576682716231483 0.1834362251129254 -0.2071509462483529 -0.9838088142207795 -0.8260317528740305 0.5477292780175943 1.164750346784058 -0.1917336698595992 0.1206781722228742 0.1171727466156092 -0.6481292815474584 -1.368801169408624 -0.6927679701992834 0.9130051393369361 1.430608773019134 -0.1203886598249831 -0.009786520113203422 -0.2290799645284821 -1.006046713362364 -1.217934740711055 -0.003518596721839949 1.531638096267787 1.771233774245445 -0.008696915124774829 -0.001199635493344741 -0.3607687472957027 -0.8478006186255553 -0.6160213871480041 0.4708489794842132 1.446541553524707 1.418447667848674
