# Created by Octave 3.8.1, Fri Jun 26 18:33:00 2015 EDT <jason@jason-h8-1360t>
# name: W1
# type: matrix
# rows: 25
# columns: 64
 -0.1569542527736525 -0.107713376351031 -0.1636695135983288 -0.3787592715089181 -0.551960809969457 -0.6080565391308145 -0.526328549646971 -0.3410943218844921 -0.08635374239520965 -0.003169361937468649 -0.07876012766904833 -0.319492043733465 -0.5013866880262117 -0.4962857551049146 -0.3463744946370464 -0.198652810380637 -0.01138014100951753 0.05988994551860741 0.05690715835341172 -0.007188314286510241 0.010379345426389 0.135671341601847 0.2104521370258772 0.1091597158254373 -0.1387413390937229 -0.0897244158774045 0.04184411823392499 0.2428940552048548 0.4443522622361268 0.6048202634417434 0.5570320647598928 0.2760431303474188 -0.3171733903679855 -0.28510091194407 -0.02973260618637945 0.2941120828767501 0.4671669207838177 0.4591818217403777 0.267172655275798 0.01525638868696203 -0.315394708164086 -0.2839685236051351 -0.03648822917145954 0.2148747959936549 0.2152317080032004 -0.05076403120358274 -0.3628234636915882 -0.4184957450776442 -0.2078498069510213 -0.1577521295099675 0.01110493149682317 0.1204445923223475 -0.03099062756189254 -0.3943592322037835 -0.6691695605364952 -0.58776998350486 -0.1536198560129682 -0.09774067836670457 0.002198791962475416 0.02183790503264623 -0.1267331003730547 -0.3824152543560401 -0.5495513368135351 -0.4406945320947536
 0.1340405897671431 0.2762425697311156 0.1877356473507004 -0.03455716661484151 -0.2256809225844947 -0.4066523829531937 -0.5053616097841932 -0.4394690735404762 0.282940076917065 0.5410498063633723 0.4978999298904646 0.2049814442432409 -0.1165375173709147 -0.3449478380773052 -0.4170408312902925 -0.3691783702104604 0.3114188328364808 0.5944203058338373 0.6601588533342062 0.5235165514323841 0.2982529706962083 0.09245572267542229 -0.0513192484095901 -0.1598712620798519 0.1539720447758767 0.3774060905055179 0.5125155889323426 0.5972032986417805 0.5512008714586544 0.4093168982088218 0.2228621754659597 0.0003010024523102362 -0.09882611224897132 0.04589675193879065 0.2082515591214179 0.3320320962032486 0.300306193119837 0.1635735629724162 -0.03270913889934385 -0.1689048232481245 -0.2112479823439726 -0.1847070051599625 -0.1238395767594924 -0.1167387987400872 -0.2511513333589485 -0.481527601455855 -0.6758420875753597 -0.5875631752958026 -0.248621068911544 -0.3053937972587938 -0.3719885335560926 -0.4699910477548235 -0.6728594496623798 -0.916722496312592 -1.041161958454684 -0.8143977702902722 -0.2568237990329136 -0.2954333520380498 -0.4029342775018803 -0.524793067516894 -0.6337015171595966 -0.7601736263474571 -0.7978642034847288 -0.5894411887639621
 0.2495968404326906 0.2163461310092864 -0.2521138398370646 -0.8359615816513727 -1.046189362617579 -0.832124525299456 -0.4895263935102213 -0.4008771340842149 0.3930721912457214 0.3679570815489786 -0.2474098191926741 -1.049868055353948 -1.296139868919237 -0.7372445655700116 -0.01280149175115287 0.1024572729794958 0.6973142261681168 0.829810765377434 0.3812789758401096 -0.249585784034723 -0.4123262372892025 0.1316174406902464 0.6785618331112476 0.5804112043659644 0.8367079616630472 1.157729915578634 0.9894278058404822 0.6825226664291723 0.5813778947335491 0.8270844236682402 0.9343610578548328 0.6110750866250719 0.5065445969573444 0.7656101716104432 0.7695637321494766 0.6705021106262125 0.5523950705705234 0.5603370724505108 0.4490346655672863 0.1233207204176877 -0.1304729647833033 -0.250810984831158 -0.3694470324069618 -0.3902996312912361 -0.3154770260833105 -0.2291200172950849 -0.2236960148478918 -0.280834638071628 -0.6563713583783563 -1.064164061656132 -1.307239700441234 -1.299059201780209 -1.0971269575888 -0.7705129504027665 -0.4735754665603149 -0.3131848238094029 -0.6663261152737707 -0.9414127708460625 -1.101567209737877 -1.148480731924188 -1.077978591613587 -0.7957262520451702 -0.4165900007780269 -0.1229238227117201
 -0.200323636310531 -0.2814590114107943 -0.3574997577768858 -0.4132215293397243 -0.3750118969919232 -0.2560382636899284 -0.1427991104847964 -0.09610154188653422 -0.2611695024519946 -0.381453980314399 -0.4650707336941408 -0.486022115023437 -0.3996439039261767 -0.2561575133911165 -0.1418152433171446 -0.1228842075787996 -0.2294597821635504 -0.3182584750547389 -0.3327226800773905 -0.2609812408963642 -0.1598925475147345 -0.08072069800078144 -0.04250132679366331 -0.0818707039134961 -0.1682589712692616 -0.1737754332675085 -0.0884807522818041 0.03264166184351681 0.1115296215099719 0.1295096303235316 0.1069871290120652 0.03312549592860424 -0.06883767640525321 -0.01481202462406501 0.05236461341284238 0.1069498552061582 0.148755757583173 0.1802328663058346 0.1793415829826819 0.1093484767046724 0.0524668756132038 0.09796729661062037 0.03331972483978064 -0.05615115434626356 -0.03340517460303627 0.07780503487002788 0.1503295565095848 0.1000657225137617 0.08708954702429578 0.09200941956612872 -0.05895513116179604 -0.2293707749592128 -0.2350288624908247 -0.05973510930165066 0.1016627198472193 0.07375445095837926 0.01618260602844874 -0.002665085888843281 -0.1135781168666162 -0.2496354144973395 -0.276382901456532 -0.1278302267426571 0.03246055136590637 0.03072092201263516
 -0.3494602927783453 -0.5548342805249212 -0.7288928752600056 -0.9346296818052302 -0.9986768999905766 -0.5679137622379195 0.146946417400964 0.3795955295646871 -0.2936600651561945 -0.4555821879019818 -0.6858116348053488 -1.065047670631798 -1.15844107261109 -0.4044557322096539 0.5751545334382964 0.7045831986134415 -0.1394659569067985 -0.1628485428145819 -0.3145553112588089 -0.6853119031766093 -0.6909579922738597 0.1797776356196243 1.01978121280662 0.8511135379106838 -0.1322367931196275 -0.1423600515784615 -0.2155606591812784 -0.4970099077832715 -0.4084590872453835 0.4156790372900125 1.145611452437414 0.9160020810768239 -0.3007591341094199 -0.4004492694225093 -0.4373709579955564 -0.564043762297138 -0.3942231982936916 0.391911180792001 1.006011640568877 0.8362849826758473 -0.3843050559634016 -0.57698756476411 -0.7111698113974141 -0.7839409227367602 -0.4257298124080808 0.4094787511185794 1.004500991959358 0.7913039907113277 -0.3244476559508289 -0.5424141117719771 -0.7529670384996818 -0.8635553957740549 -0.5112857671710231 0.3061981836754588 0.9458345347279609 0.8029340424336214 -0.1355398051921932 -0.3640669692369474 -0.5726749101701092 -0.6693384911763501 -0.4384429087311968 0.1171412387415186 0.6247046129053565 0.4953446638747699
 0.01901763396710001 0.04494919738882663 0.161618835768242 0.2792553376809627 0.07762434795503974 -0.3718259146869385 -0.6824148516563064 -0.5473670715434906 0.02299430820342807 0.07289403926876475 0.2119877602702914 0.2943825564494451 -0.03166290358696626 -0.6625700980561907 -1.079015800516824 -0.8407162184520738 -0.1018149044320123 -0.02556984612935771 0.1415044958780549 0.1827724264562992 -0.2042663059284345 -0.824590111048504 -1.168693043197943 -0.8485572584610992 -0.3666606095484884 -0.4144747707648258 -0.2284758229953741 -0.04552626765578971 -0.2319338726225449 -0.5249781698008299 -0.5535413289376505 -0.3732499949583495 -0.5821570376404084 -0.878558118199777 -0.6918310508392465 -0.125432790676175 0.1866210185358161 0.3746177608558948 0.3986699488767967 0.2628185000376153 -0.7542987826428451 -1.11972772273235 -0.8811562434011531 -0.06244552622919008 0.7365501742970889 1.066627394880644 1.009362841707536 0.6352166428106167 -0.8642772213070935 -1.136365227694727 -0.7646337348957746 0.1234588006514407 0.950663461891584 1.218641564071597 1.001219950966158 0.5432360514889262 -0.7421773651916349 -0.8755916094196076 -0.4737606031761993 0.269853964545595 0.7766543058403743 0.8243709077256111 0.6072596970648185 0.2451336898788935
