# Created by Octave 3.8.1, Thu Jul 02 15:38:01 2015 EDT <jasont@jasont-OptiPlex-990>
# name: saeSoftmaxOptTheta
# type: matrix
# rows: 2000
# columns: 1
 -0.1963035894680348
 -0.2274436638639279
 1.204212426952958
 -0.1654658997171568
 0.113819566255397
 -0.2331788890940731
 -0.2063403564298545
 -0.1934369290256611
 -0.08531346563789816
 -0.01054922424807539
 -0.239278478975054
 0.04871315852287966
 -0.03781191699746727
 -0.344830164960816
 0.01037295185850548
 -0.2405067725374545
 -0.2931207195360055
 1.416858404548602
 -0.1702812787408273
 -0.1501152273937397
 -0.1888065974149528
 -0.1979397137045342
 0.4145850489524211
 -0.1356471810130368
 0.4260460346771939
 -0.2047198370431275
 -0.1995234274100106
 0.1138931732213269
 -0.03890843256702906
 0.01102087581210364
 -0.1615487957243094
 -0.2046367738841615
 -0.09665754603524547
 0.3324230008898256
 -0.1158694760376635
 -0.2191065401193272
 0.2889824978085702
 -0.1660928544269921
 0.5314503990511802
 -0.1889438840042986
 -0.1461953200251495
 -0.02774239827511752
 -0.1971996623461494
 -0.2264989477543716
 -0.2953143300920934
 -0.2234934702555261
 0.007376459313436392
 -0.08660831357088415
 0.1207330339667614
 1.074942957876631
 -0.1309277913440348
 0.0363471197300487
 0.03021082076814244
 0.03543326618844693
 0.08737042759705052
 -0.03030840947007786
 -0.07249758743075546
 0.1121100098841416
 0.0003817522724772847
 -0.06811963204866535
 -0.1366143057739454
 0.3117313447731478
 -0.09107104093759928
 -0.1633706279455016
 -0.1484701215261839
 0.6913322405031613
 -0.1758452478468209
 -0.08873662978044909
 -0.09378332883104824
 -0.105172160685633
 0.5025881484074726
 0.06917915630435416
 -0.0696284311309906
 0.1014657245109904
 -0.08519702452282221
 -0.05029946755616848
 -0.01779761504206115
 -0.0451087882425859
 -0.2446770827144844
 -0.1605245942466528
 -0.235030318642236
 -0.2101149313702714
 -0.143048397626708
 0.2818200851800007
 -0.1310184835062478
 -0.2078628331170421
 0.3672250591249559
 -0.1273773607532404
 0.5792968339077685
 -0.1738897221333918
 -0.1305219793858307
 0.04404364303413457
 0.04231024129687456
 0.02636751189385896
 0.08092304556210218
 -0.03544504719122593
 -0.07067549560985621
 0.1206854293164844
 -0.00511391093891969
 -0.07257343618874136
 -0.1315818629746436
 0.03342965436304835
 0.02668175798208633
 0.03767859094361255
 0.08927776083227953
 -0.02918609314251304
 -0.07400477090318078
 0.1104091980907838
 0.003026592289889187
 -0.06573078314335552
 -0.2347918450363357
 -0.2120045364447771
 -0.145929505760153
 0.3084847838925857
 -0.1347816464028783
 -0.2091580092239972
 0.3609385325622542
 -0.1293556741848861
 0.5724705644780637
 -0.1758726381855434
 -0.19770341966512
 -0.2114215460304736
 -0.1196840648667035
 0.0874782002979982
 -0.1005462951647313
 -0.206488303022251
 0.3376100718681174
 -0.1385991456011423
 0.710314116321371
 -0.1609597397003362
 -0.1667856548825123
 -0.3511602337075801
 0.5441951757043225
 -0.1109614386522775
 0.6833666842594252
 -0.2017128287572276
 -0.07029273714960262
 -0.02544029977630648
 -0.08158009045512979
 -0.2196286714835471
 0.5021664243052804
 0.06874152032357297
 -0.06930604725853792
 0.1021914079586159
 -0.08443298406648124
 -0.0503830508184596
 -0.01819329120056813
 -0.04515831796497884
 -0.2450791004092806
 -0.1605465036396207
 -0.1490170364981799
 -0.07078202578042531
 -0.2709796726795728
 0.1243871856513539
 0.03567385618820201
 0.9585294455639145
 -0.2153479860139309
 -0.04766670154718844
 -0.2393278611153607
 -0.1254689887093422
 -0.1749097248669906
 -0.1606537223981088
 -0.1522092321201499
 0.1627627435359995
 -0.1429274974108946
 -0.2067183535074898
 0.5078262250128999
 -0.0711766914551058
 0.4083287177256356
 -0.1703223205979288
 -0.1400509110653079
 -0.07547412277282292
 -0.01410446645479532
 -0.3289296258224029
 0.01475971551300578
 -0.1414427575313384
 1.041051591061736
 -0.1539712998522446
 -0.2091463743486284
 0.007308194162464718
 -0.1397048560065381
 -0.08825872955054753
 -0.01732685275960718
 -0.3170250016567971
 0.02679614401686814
 -0.1422382905030895
 1.023183223110964
 -0.1531119007051383
 -0.2105930141125268
 0.01827934469169188
 0.5083229492009956
 0.07350809829437208
 -0.07435227873228742
 0.09108252270126659
 -0.09503318392303255
 -0.04839297385576605
 -0.0124053218209226
 -0.0446320404899996
 -0.2382540331713779
 -0.159843612295795
 -0.1309579633235997
 0.03657452569380127
 0.03051712343560587
 0.0352817026536827
 0.08728748720608334
 -0.03033677984056994
 -0.0723889131646879
 0.1121474760952454
 0.0001274959396204663
 -0.06825222677345917
 -0.1613277183714308
 -0.06228453391919237
 -0.2409291800576314
 1.352381031607157
 -0.1577981973476284
 -0.02955411599973005
 -0.3243512733295469
 -0.1243548089500098
 -0.03156710477305977
 -0.2202140673406026
 -0.1398855687111788
 -0.0806226628214473
 -0.0154561189921948
 -0.3240317487792703
 0.0195712675991739
 -0.1417035247640408
 1.033881374988638
 -0.1537253775718157
 -0.2096572977822708
 0.01162948687974486
 0.5012019629133384
 -0.01409859055548693
 0.06439720103248686
 -0.08088804903410896
 -0.01111581287439598
 -0.07128858491692672
 -0.06572760486860761
 -0.02198344080706355
 -0.1214023166846241
 -0.179094841137718
 0.3977304702933221
 0.02409520091867741
 -0.0621467278697494
 -0.0527438271369719
 -0.1241706628764879
 0.01244336976020824
 0.01475979965776641
 0.02539600068978916
 -0.09522290894526443
 -0.140140648148698
 -0.1306654074274331
 0.0379717176500789
 0.0323861028692661
 0.03399104145996139
 0.08643556769254776
 -0.03093291367712531
 -0.0717982374160418
 0.1130264917892623
 -0.001159151518841826
 -0.06925511712672187
 -0.1312599919793387
 0.03496177862548764
 0.02856016785507664
 0.03652419677631717
 0.08830607632702438
 -0.02977752975349587
 -0.0731554070449727
 0.1112712520490566
 0.001618589773256489
 -0.06704896916276935
 -0.1331403146571766
 0.9054438507337749
 -0.1230918644756708
 0.05938095863757575
 -0.2284444019476487
 0.02645339857844413
 -0.1684353749003683
 -0.2316143896846749
 0.04609924501507669
 -0.1526511633509993
 0.4019283234911972
 0.007796928879899408
 -0.05100784230155671
 -0.07140601660868547
 -0.1151932960529544
 -0.01388902245017037
 0.03899598274215649
 0.01530921400789184
 -0.07081513011311616
 -0.1417191673039154
 0.5038767358962704
 0.07036545280032955
 -0.07064227795404508
 0.09924761791293239
 -0.08745865227811166
 -0.04999048679280106
 -0.01658792024740729
 -0.044987921213205
 -0.2433897416172268
 -0.1604329005566023
 -0.1309574954886653
 0.03664101419141889
 0.03037549767061435
 0.03534337816042321
 0.08727431811501667
 -0.0302871648035427
 -0.07236925342241088
 0.1121467344059852
 5.966022983749736e-05
 -0.06822686104462609
 -0.135701649405147
 0.6748009141909287
 -0.07637341049241024
 0.01716020169841852
 -0.2921027265765072
 -0.05609101126550838
 -0.09342515149067823
 -0.1347022155496435
 0.08565292952058454
 0.01078211880159123
 -0.1731539186516752
 -0.1569115868312364
 -0.08100497273602332
 0.3123827240801357
 -0.06361801736160318
 -0.1896800512485105
 0.0470377884100078
 -0.1248988594690555
 0.6242894381201527
 -0.1944425363648803
 -0.1482423023987513
 -0.1172344952710833
 -0.2591953541076172
 -0.1765597458849718
 0.4884677006702686
 -0.07228355632436498
 -0.1350618205613654
 0.02818578623457292
 -0.1060987271002655
 0.4980225621844887
 0.500851168339248
 -0.01406061969294252
 0.06477023746985125
 -0.08080563661124081
 -0.01060842841583623
 -0.07115189481222249
 -0.06625795929899346
 -0.02187645624758199
 -0.1216641031767655
 -0.1791961591222364
 0.3956402578000196
 0.01382957676980233
 -0.05639036292294655
 -0.06472423454583158
 -0.1193322850449703
 -0.001061203140775836
 0.02973501297425599
 0.0216690588798129
 -0.0786265366275158
 -0.1407393662725541
 0.4000947598987516
 0.0089945958595161
 -0.05232420210595354
 -0.07004235355932441
 -0.1161681569720913
 -0.01106463760674812
 0.03730668132250489
 0.0168676639365901
 -0.07219480844698362
 -0.1414696388098327
 -0.1861796040148395
 -0.3206735670926583
 -0.09698261271733713
